0 86 81 92 95 114 100 19 120 96 89 62 20 115 40 82 36 107 102 22 109 24 55 67 113 93 58 61 70 51 21 84 121 71 23 65 6 17 112 125 59 25 101 116 124 33 52 69 91 77 68 106 7 45 60 53 66 85 42 39 34 122 41 87 56 88 57 44 26 123 54 104 130 103 29 105 129 119 43 46 38 131 47 1 73 2 9 35 27 63 99 5 75 18 3 126 4 48 132 64 94 111 83 97 16 110 50 128 12 15 127 108 90 31 98 49 37 117 8 118 72 14 32 11 79 80 76 74 78 28 10 13 30
1 86 81 92 100 114 120 95 19 62 89 115 20 107 36 55 40 109 82 96 102 24 58 93 22 51 67 121 113 61 71 84 6 65 17 21 70 52 124 59 23 125 33 25 101 112 77 7 85 69 45 53 116 42 39 106 60 34 91 68 122 41 87 56 66 26 54 88 57 44 104 103 130 123 29 119 46 105 43 38 129 73 99 47 63 2 75 126 18 131 5 27 0 4 48 9 3 94 35 132 83 111 64 16 97 128 50 110 15 108 127 90 12 31 49 37 98 8 118 117 14 11 72 80 32 76 79 74 78 28 10 13 30
2 86 81 92 114 120 100 95 19 62 115 82 36 40 107 109 58 55 93 102 89 51 61 24 96 20 65 121 22 113 67 84 21 33 52 17 59 6 71 124 7 25 85 53 77 70 23 60 39 34 45 42 125 101 112 106 116 41 91 69 54 26 44 57 122 68 56 88 66 87 119 43 29 123 46 104 130 99 105 47 103 73 38 63 126 27 18 129 94 35 48 1 9 75 4 83 3 131 0 5 132 64 111 16 50 97 128 110 108 15 12 127 31 49 37 90 8 98 118 11 117 79 32 14 80 72 76 78 74 28 10 30 13
3 86 81 92 62 120 100 40 114 82 36 19 55 109 102 93 58 51 95 107 89 61 115 24 20 65 67 85 96 52 22 17 33 121 59 84 7 71 21 6 34 39 53 77 45 113 124 42 25 70 60 125 23 44 101 26 41 106 54 69 56 68 57 119 66 112 122 116 43 88 87 47 29 46 123 91 99 104 38 18 126 103 27 105 94 73 63 75 83 48 9 130 35 2 5 1 4 64 0 129 132 111 131 16 50 128 108 15 97 12 49 110 37 127 31 90 8 98 80 118 32 11 14 117 72 79 76 74 78 28 10 30 13
4 86 81 92 62 82 120 36 40 55 114 109 93 100 102 51 19 61 58 24 107 65 89 20 95 85 115 52 7 33 22 42 25 67 6 53 59 17 34 84 39 60 21 70 77 23 113 71 96 121 124 26 45 125 44 41 106 56 69 54 57 101 43 119 46 66 68 47 29 122 99 112 87 88 116 94 27 18 38 83 63 75 91 126 104 123 73 103 105 48 9 35 64 5 2 1 132 3 16 0 130 111 50 131 129 108 128 127 12 15 97 31 37 49 110 8 98 90 80 11 118 32 76 14 79 74 117 78 72 28 10 13 30
5 86 81 92 62 82 36 120 40 55 102 93 109 100 61 51 114 19 58 107 89 65 24 85 115 20 95 7 22 33 53 52 42 67 6 34 59 17 60 39 25 121 77 84 113 21 23 45 125 124 71 96 26 70 44 54 106 41 101 56 119 69 43 57 46 68 66 122 99 47 112 29 94 87 88 123 38 83 116 27 18 75 126 104 103 105 91 63 73 9 48 35 132 4 1 64 2 50 3 0 16 130 111 131 129 108 128 15 127 49 37 12 97 31 110 98 8 90 80 118 11 32 79 117 14 72 76 78 74 28 10 30 13
6 36 7 86 51 33 25 55 62 40 42 61 47 131 132 43 130 5 34 129 91 53 96 27 81 95 4 60 1 44 3 2 89 92 128 0 52 39 58 94 97 111 83 84 93 120 102 116 63 16 85 99 100 82 90 46 112 75 70 45 9 68 98 127 38 65 41 88 110 109 107 125 121 87 119 117 59 122 106 54 104 50 29 73 101 123 118 124 115 105 66 64 126 103 108 69 114 113 48 18 56 20 26 57 80 35 15 67 22 49 21 37 24 77 12 19 71 31 79 72 17 23 14 11 32 8 76 28 74 10 78 13 30
7 96 95 91 130 6 129 86 24 131 67 97 19 132 84 5 112 116 4 23 71 111 20 65 89 22 90 68 70 29 17 114 115 128 35 3 92 26 87 69 2 66 1 110 21 0 88 77 113 81 106 104 105 117 31 123 8 121 11 125 107 25 98 100 122 94 109 12 101 32 103 120 64 93 28 127 102 57 51 41 59 83 55 56 33 82 53 42 43 46 85 47 61 27 62 36 48 118 99 54 58 10 9 13 45 78 108 124 34 44 30 52 60 74 18 14 39 40 76 72 15 119 73 126 63 50 38 75 49 16 37 79 80
8 33 34 25 51 43 7 60 61 36 47 53 27 64 63 55 42 65 9 50 62 44 52 29 83 26 85 40 38 16 35 93 94 82 73 49 130 54 131 58 92 39 132 5 81 4 109 2 79 129 80 12 18 3 111 99 75 28 0 102 15 11 1 59 98 46 13 10 86 120 32 90 30 57 97 56 37 45 128 96 91 127 14 119 95 31 41 108 48 118 76 100 126 107 24 72 6 116 114 117 112 115 110 78 89 84 124 74 113 77 17 121 125 101 106 87 88 123 122 67 19 23 105 103 104 71 22 21 66 20 69 68 70
9 65 26 6 91 130 131 129 95 96 92 132 24 86 5 97 111 4 90 93 94 85 3 53 109 83 2 81 43 55 0 18 1 82 8 42 28 128 32 62 98 17 107 102 51 47 27 61 77 13 10 116 44 67 7 99 30 33 110 31 120 11 112 89 19 100 127 84 52 36 114 54 58 23 60 117 59 46 115 108 118 71 119 34 50 56 40 39 126 75 113 41 121 57 45 35 106 48 87 88 12 124 125 29 101 25 66 38 78 22 123 80 20 122 21 104 69 105 68 103 70 74 16 49 63 76 37 64 14 73 72 15 79
10 25 33 34 64 51 43 60 63 7 29 53 35 61 36 50 47 9 27 42 12 38 55 11 65 49 62 52 73 16 44 76 83 28 26 30 14 31 40 13 15 85 8 79 93 32 54 94 92 82 37 72 78 74 129 18 130 75 80 131 58 39 132 81 59 4 2 5 109 1 111 0 3 102 95 86 99 90 97 46 57 56 91 127 98 96 45 128 120 114 6 107 119 116 115 118 126 108 100 112 41 24 48 117 113 110 89 124 84 77 121 125 106 17 101 67 88 87 122 123 71 104 23 105 19 103 66 22 21 68 69 20
11 33 34 51 43 60 7 53 25 47 36 63 61 27 50 65 42 55 64 62 52 44 83 38 26 9 85 94 13 93 16 40 29 49 30 82 92 54 10 35 28 130 39 58 129 131 73 5 132 109 32 75 4 81 102 59 99 2 8 1 111 80 127 86 18 3 98 0 97 37 91 56 57 79 46 90 128 96 15 119 12 45 31 100 95 108 6 120 118 107 41 116 126 48 24 117 112 110 14 78 115 114 76 124 84 113 89 77 72 74 125 106 121 17 88 123 67 101 87 122 105 103 104 19 23 71 66 22 21 20 69 68 70
12 51 43 33 53 7 47 27 61 34 65 36 60 55 42 62 26 83 50 85 44 52 94 93 25 92 82 63 40 130 13 132 18 131 5 4 81 129 16 111 109 54 2 102 75 58 10 3 28 0 39 1 38 86 99 30 96 80 90 97 46 95 128 98 59 127 91 9 120 24 6 8 119 32 56 49 64 57 108 100 126 107 45 73 41 118 48 89 110 11 31 116 35 77 117 124 112 37 17 29 114 84 115 121 79 15 113 125 106 101 88 78 23 122 14 87 67 19 123 71 105 103 104 74 76 72 22 21 66 20 68 69 70
13 64 33 34 25 51 60 63 35 29 43 7 9 53 50 61 36 12 11 47 27 55 42 38 76 49 31 62 65 28 14 52 44 73 16 32 10 15 83 30 8 79 26 40 72 85 74 80 93 37 94 92 78 82 54 75 58 131 132 39 130 81 109 129 102 86 59 18 46 99 111 5 4 90 98 120 56 2 57 3 1 97 0 127 96 119 91 128 100 95 45 116 126 108 107 6 41 114 117 118 48 115 112 24 110 113 89 84 124 125 101 77 106 121 123 88 122 87 17 103 67 105 104 19 23 71 66 22 21 20 69 68 70
14 53 7 43 33 47 51 27 65 55 42 61 60 34 36 26 62 83 16 50 52 93 13 85 94 10 44 92 40 25 63 130 132 28 5 131 82 4 18 30 1 129 81 54 75 2 111 0 109 39 3 58 102 86 80 8 38 46 99 24 32 59 6 97 96 98 120 128 127 57 95 90 91 56 119 9 41 45 107 108 126 100 11 64 48 73 49 118 89 31 110 77 17 117 15 37 35 12 112 116 29 79 124 114 121 84 78 115 125 88 101 23 113 106 87 19 67 71 122 104 74 123 105 103 72 22 76 20 66 21 69 68 70
15 65 26 6 132 53 130 24 93 43 94 5 111 85 92 129 131 86 61 27 109 83 47 82 51 55 18 81 3 4 96 2 1 17 91 62 0 42 7 33 95 36 97 102 60 77 90 99 44 100 128 120 107 34 89 58 52 19 98 67 23 108 28 75 50 40 127 54 39 84 10 59 8 118 71 32 38 46 13 119 16 121 116 31 110 117 57 112 56 80 126 125 87 106 41 124 88 45 114 11 123 122 101 49 104 30 103 48 21 105 22 115 20 25 63 68 66 69 70 12 35 113 37 29 74 64 78 14 9 73 76 72 79
16 24 6 86 95 96 130 91 67 19 26 65 23 129 17 131 132 97 111 71 77 5 4 92 22 29 116 112 114 115 81 21 3 20 84 2 35 89 90 110 128 1 66 8 107 0 31 109 93 69 113 70 12 32 68 100 94 18 11 82 88 120 59 117 87 106 57 102 121 85 28 98 41 104 58 125 123 62 122 83 105 101 56 64 55 103 54 74 14 10 52 13 61 127 48 46 99 44 51 76 53 25 42 33 118 45 27 30 78 60 124 36 108 43 39 7 40 15 47 119 73 75 72 34 9 38 126 63 50 49 80 37 79
17 86 70 131 130 40 5 20 129 96 36 62 132 91 95 4 3 68 1 2 25 0 81 7 55 61 42 51 39 89 47 33 128 44 46 92 58 22 69 120 111 97 100 83 53 84 45 121 21 66 41 85 27 52 116 43 34 82 60 87 125 101 94 102 59 112 104 93 122 105 16 107 90 106 88 123 103 99 75 109 127 54 117 56 124 110 48 115 119 114 63 98 19 57 9 29 73 118 113 38 108 126 65 18 67 15 50 71 80 26 23 64 35 24 77 49 37 6 12 31 79 14 72 8 11 32 76 74 28 78 10 30 13
18 95 96 91 130 86 129 131 132 20 116 112 19 67 25 84 5 97 29 22 89 4 70 23 68 115 114 21 110 66 128 3 71 69 90 2 24 9 113 1 111 81 87 0 6 92 88 64 73 117 35 106 104 105 125 121 36 41 40 63 17 122 123 59 33 103 107 7 101 46 58 100 48 57 45 56 120 15 12 98 44 62 51 16 34 61 39 54 60 43 127 31 42 52 27 55 65 47 77 26 38 124 53 83 118 94 85 93 8 82 102 75 109 72 11 99 14 32 28 76 50 108 74 119 79 78 126 80 10 49 13 30 37
19 5 62 0 132 1 111 2 3 4 36 85 94 86 40 82 55 42 61 131 7 93 83 129 81 109 91 130 51 99 39 102 47 53 120 33 128 96 43 27 92 100 65 44 127 58 97 119 95 90 60 25 108 45 98 34 26 46 18 89 107 75 118 70 52 41 121 126 84 101 68 59 124 116 117 106 125 16 112 122 110 104 87 123 20 48 88 103 105 77 54 56 17 38 57 115 50 63 69 114 113 9 66 22 73 21 80 24 49 29 37 15 71 23 6 64 67 35 12 14 31 79 72 11 8 32 76 28 74 78 10 13 30
20 94 111 0 85 5 1 4 82 132 93 62 2 65 3 109 99 55 17 102 131 36 81 61 83 26 86 51 42 128 91 53 108 77 129 40 100 120 130 7 119 127 92 43 96 47 33 90 98 39 97 24 18 107 27 118 121 58 60 95 101 126 34 124 89 125 44 106 122 46 84 75 45 117 123 52 19 25 41 103 87 104 88 105 110 112 116 59 6 50 38 48 16 54 71 49 56 23 22 70 21 115 37 57 69 68 63 113 114 80 9 67 66 73 29 15 64 35 12 14 72 79 31 11 8 32 28 74 76 13 78 10 30
21 111 94 85 62 132 5 2 82 93 4 0 1 3 65 109 131 61 36 99 83 42 55 102 81 40 7 86 51 129 26 128 53 130 91 96 77 120 100 119 108 92 47 43 39 17 127 33 97 58 98 90 27 18 60 118 95 44 75 107 121 34 89 45 124 125 126 46 24 101 52 84 41 110 106 25 122 117 123 88 103 116 87 104 112 16 59 70 105 50 38 20 48 68 19 6 54 22 56 115 63 49 57 114 69 71 113 37 23 9 80 66 73 29 67 15 64 35 12 14 79 31 72 11 32 8 28 76 74 13 30 10 78
22 94 111 85 5 62 1 132 0 82 4 3 2 93 83 65 131 36 99 55 109 42 61 51 40 91 53 102 47 81 26 130 86 129 7 128 108 43 119 27 120 39 100 77 96 127 92 33 97 17 90 98 118 58 44 95 18 121 124 34 107 75 126 45 60 89 46 125 52 25 41 84 24 101 122 106 110 123 117 88 103 59 87 104 116 16 105 112 38 48 54 70 50 56 6 68 19 20 57 21 49 63 115 69 113 114 37 23 71 80 73 9 66 29 67 15 64 35 12 14 79 72 31 11 8 32 28 76 74 13 78 30 10
23 62 36 40 7 132 5 81 55 61 1 4 47 94 0 2 53 86 42 131 111 27 85 83 130 51 3 39 82 93 43 129 33 91 109 102 96 92 75 120 99 95 58 44 128 65 60 18 100 34 97 46 127 25 90 26 119 52 45 107 98 16 121 89 108 118 41 126 68 84 124 59 70 125 116 112 106 38 117 110 101 88 104 87 54 122 63 123 48 103 105 50 56 9 20 57 77 73 29 80 115 114 66 17 113 69 24 49 21 15 22 19 37 64 71 67 6 35 12 79 14 72 31 11 8 32 76 74 28 78 10 13 30
24 129 86 130 96 36 131 7 132 25 95 91 5 62 40 4 51 61 3 42 2 1 33 55 47 81 0 27 43 53 58 128 83 97 60 39 111 34 44 92 112 85 16 20 70 116 90 82 94 52 89 84 45 120 75 46 100 93 68 102 110 127 41 121 63 99 59 109 98 107 114 117 115 125 9 73 29 22 106 69 88 118 87 65 38 119 66 122 101 54 21 18 48 105 124 123 104 126 108 113 26 56 103 50 57 64 80 15 67 35 19 49 23 77 71 12 6 17 37 31 14 79 72 8 76 11 32 74 28 78 10 13 30
25 65 26 6 24 96 130 95 91 86 129 131 92 132 97 111 93 4 5 17 109 94 19 90 67 81 3 89 1 2 85 116 0 53 55 84 82 8 51 77 112 102 61 43 128 83 62 32 120 100 107 28 18 42 115 23 114 71 36 98 10 22 27 44 87 52 47 110 99 58 59 31 11 20 127 7 60 54 121 33 13 125 88 35 66 113 46 30 70 117 108 106 34 104 123 68 21 101 105 69 119 39 118 124 122 57 41 40 56 48 103 50 29 45 126 78 12 75 38 74 49 64 76 37 63 9 16 14 80 72 73 15 79
26 95 96 25 86 91 130 129 20 131 112 132 29 116 89 114 84 36 70 115 22 92 5 81 4 68 97 40 33 7 21 51 113 62 9 67 128 19 3 69 61 66 2 88 1 87 110 34 121 63 55 64 58 120 35 73 42 41 60 106 90 0 23 44 125 52 45 100 59 104 46 43 105 39 47 107 122 101 123 71 16 117 27 103 53 111 56 57 54 38 48 24 15 6 102 82 124 83 12 65 75 93 85 127 31 94 109 98 8 11 99 50 118 119 17 14 32 72 18 74 126 76 77 80 28 108 49 78 79 10 37 13 30
27 95 96 86 67 24 91 6 130 19 29 23 129 22 84 89 20 131 68 71 114 92 116 115 70 112 69 35 132 66 97 17 21 81 25 87 5 65 4 88 26 113 110 106 111 31 64 90 104 121 107 77 3 128 125 100 105 8 120 123 12 11 122 2 103 1 41 101 32 109 59 0 117 7 58 93 28 46 57 62 55 9 54 52 36 51 61 102 45 56 43 33 40 82 48 44 60 53 10 124 47 98 42 34 78 94 73 39 14 85 15 63 74 30 76 83 13 99 127 18 38 72 118 119 126 108 50 16 75 49 37 79 80
28 33 34 25 51 64 63 43 60 53 50 7 35 29 61 36 27 9 47 42 55 38 49 65 62 11 52 12 83 44 16 26 30 73 85 40 13 10 8 31 32 93 15 79 76 94 14 92 54 37 82 80 130 39 58 132 81 129 75 18 4 131 5 59 86 102 72 109 99 2 111 46 57 1 74 97 127 78 3 56 120 95 98 96 0 91 90 128 100 45 119 6 126 107 108 118 41 48 116 114 89 115 24 117 112 110 125 113 84 124 106 77 101 121 123 88 87 122 105 103 17 104 67 23 19 71 66 22 21 68 69 20 70
29 65 43 26 51 53 27 61 33 7 47 55 36 62 42 60 85 83 130 94 93 92 34 129 131 82 44 109 50 132 5 86 18 4 52 111 0 2 91 24 96 81 6 1 3 97 95 102 40 90 99 58 128 120 98 13 107 100 38 39 127 54 28 75 10 46 25 30 119 59 89 108 8 17 77 116 16 118 32 117 112 63 84 110 57 126 56 80 49 45 23 41 114 115 48 124 121 11 19 67 113 106 31 101 88 71 87 125 37 9 122 123 104 22 78 35 64 105 73 103 66 20 21 12 68 69 74 70 15 79 14 76 72
30 33 34 64 51 25 63 35 43 29 60 7 53 9 50 36 27 61 47 11 12 65 42 55 38 28 49 10 31 62 52 76 44 16 14 83 73 8 13 32 85 26 78 40 79 15 93 92 82 54 58 74 94 130 37 80 72 39 129 132 75 131 109 5 4 81 18 59 99 1 97 86 102 2 3 111 57 0 96 127 46 98 128 95 91 56 90 120 45 116 107 108 114 115 119 41 126 48 118 6 112 100 117 110 24 113 124 89 84 77 125 121 106 17 101 88 67 123 122 87 105 103 104 23 71 19 66 22 21 69 68 20
31 33 43 51 34 60 53 7 47 61 25 27 36 50 63 65 42 55 62 26 83 85 64 38 44 9 52 40 94 82 16 93 92 49 129 130 39 132 131 81 5 54 4 18 58 111 80 2 99 1 3 109 0 75 29 73 13 90 86 102 97 98 46 59 128 91 127 30 28 96 10 95 100 56 120 119 107 6 57 79 24 45 48 15 35 126 108 41 118 32 37 12 11 8 89 117 110 116 124 77 84 112 115 114 17 121 106 125 14 113 88 101 122 87 67 123 72 104 78 23 76 74 103 19 105 71 22 66 20 21 68 69 70
32 33 34 51 25 43 64 63 60 7 53 36 47 61 27 50 42 55 9 65 29 62 38 52 16 26 35 44 83 49 85 40 73 93 92 11 54 82 94 79 28 12 58 39 15 13 130 75 5 81 129 80 131 18 4 132 1 2 109 30 37 8 0 3 102 59 99 10 111 31 46 86 97 90 14 91 57 98 96 127 56 6 128 45 100 120 95 76 72 48 108 24 118 119 126 107 41 116 117 89 112 110 114 74 115 124 78 77 84 113 121 106 125 101 123 17 88 87 122 67 105 104 103 23 19 71 66 21 22 20 68 69 70
33 96 95 91 130 86 129 131 6 67 35 97 132 24 89 84 5 4 19 70 111 116 90 87 112 128 32 92 28 11 68 3 65 26 2 110 29 20 105 1 104 22 8 66 69 114 23 88 115 71 17 0 123 31 21 106 34 125 81 100 13 113 51 41 103 64 121 10 30 77 117 122 94 101 43 46 98 56 12 59 54 120 60 48 107 109 25 93 44 55 52 57 127 58 102 83 45 53 42 85 61 82 62 36 39 7 99 78 118 47 124 27 108 74 50 63 9 40 18 119 14 49 38 76 126 72 15 73 37 16 75 80 79
34 96 130 91 95 131 129 86 132 35 97 6 67 5 4 84 89 87 24 128 111 11 116 3 70 90 28 112 2 19 65 92 8 32 1 105 26 88 33 0 66 110 68 29 31 20 104 22 123 69 13 115 17 10 114 117 23 106 98 125 103 51 21 71 41 30 94 100 81 64 121 46 60 122 101 120 77 127 25 56 12 52 113 44 43 107 48 59 54 93 57 83 109 55 42 102 85 53 58 45 99 118 62 82 50 36 78 39 47 61 124 7 108 49 27 63 9 119 18 40 38 74 126 14 76 15 37 73 72 75 16 80 79
35 33 51 43 34 53 61 65 7 36 47 55 60 42 27 62 26 50 83 44 85 93 52 94 92 25 82 40 132 4 109 86 130 111 102 131 2 81 129 13 1 58 5 63 54 3 28 39 0 99 30 120 38 59 18 91 128 97 10 98 100 96 49 6 46 90 16 127 75 24 57 95 56 119 8 45 107 89 108 41 126 32 48 64 118 80 77 124 110 11 37 84 121 106 116 125 117 112 9 17 101 88 115 87 114 122 73 31 67 104 113 29 123 105 12 103 78 19 23 15 79 71 14 66 22 74 21 20 70 68 76 72 69
36 96 91 130 95 131 129 132 97 6 5 4 24 111 67 19 90 86 3 128 2 70 1 116 0 112 84 22 20 23 71 110 17 26 68 65 89 66 87 69 115 117 98 29 114 35 21 94 77 88 113 104 83 127 105 92 25 118 123 31 106 43 41 121 8 81 48 46 122 11 93 99 47 103 109 12 108 61 125 85 107 53 57 51 59 64 56 32 55 101 100 33 102 120 44 45 42 28 54 82 7 62 27 34 39 58 18 60 10 9 40 13 52 124 119 78 30 74 73 126 50 76 14 72 63 15 38 49 75 16 37 80 79
37 87 104 105 88 123 91 103 70 89 125 84 106 130 68 101 96 131 122 129 132 95 5 20 67 97 66 4 121 69 49 86 3 128 2 90 1 22 35 25 6 0 19 34 111 29 21 33 41 98 42 43 48 44 60 110 46 51 71 116 92 52 24 100 64 65 50 39 32 94 112 127 47 117 11 53 55 23 28 45 17 26 54 8 7 118 83 99 81 61 63 120 31 36 62 40 56 57 38 27 59 107 9 102 13 77 58 124 93 10 85 12 109 82 15 108 30 115 119 126 73 113 16 114 14 75 18 80 78 72 74 79 76
38 91 96 130 95 131 129 6 97 132 5 67 86 90 4 3 111 24 26 2 128 1 65 110 84 89 0 70 117 19 98 29 116 92 66 112 94 35 68 31 20 23 71 87 22 17 69 83 127 46 28 41 107 32 104 11 88 118 43 21 115 99 47 77 59 48 105 44 81 8 25 114 56 51 85 45 60 120 53 64 54 52 93 121 42 33 106 100 108 102 109 58 13 123 55 113 10 50 39 12 34 62 57 125 122 103 82 61 101 27 30 124 36 7 18 40 126 119 63 9 49 73 14 15 78 74 75 16 37 72 76 80 79
39 86 130 129 91 96 95 131 84 89 132 5 67 19 4 97 3 24 111 87 6 71 116 128 17 2 88 1 112 90 20 23 22 0 104 106 110 125 121 77 70 123 105 92 122 69 81 114 115 101 21 65 26 66 68 103 100 117 107 25 113 98 94 51 120 29 43 109 35 33 127 93 36 60 61 118 34 102 83 124 64 53 82 47 99 108 7 85 27 62 42 55 18 31 73 40 63 12 9 41 44 38 58 119 50 57 59 48 52 8 45 46 56 15 11 126 32 54 16 72 49 14 76 74 28 37 75 78 10 79 13 30 80
40 91 130 131 129 96 95 132 5 4 111 3 97 24 128 2 19 86 90 1 6 0 67 17 71 116 110 112 84 23 20 77 98 22 26 70 117 115 94 68 89 65 21 69 114 87 66 127 29 118 88 83 113 104 105 106 108 35 92 123 121 99 109 81 25 43 122 125 85 103 93 107 47 101 100 48 41 57 51 46 18 82 53 62 64 36 27 55 33 102 31 42 61 56 12 120 59 8 7 60 45 34 11 9 39 119 44 58 124 32 126 73 50 54 72 63 76 78 38 74 28 52 14 15 16 10 13 49 75 30 37 79 80
41 86 130 132 129 131 5 91 4 96 111 3 65 89 95 2 1 0 81 92 51 84 33 24 128 17 26 97 19 94 77 100 61 121 43 93 36 67 116 109 125 53 6 120 90 34 102 112 62 60 82 55 85 107 25 7 87 71 122 101 110 106 22 88 42 123 23 47 83 114 20 98 27 99 40 115 117 124 127 104 21 105 103 108 18 118 70 69 119 113 29 38 66 68 63 35 58 50 52 44 9 126 39 64 16 73 59 49 45 46 75 57 56 48 54 37 31 12 15 8 80 14 11 72 32 76 74 79 78 28 10 30 13
42 86 96 95 130 91 129 131 84 89 67 132 116 6 97 112 19 5 114 115 24 4 87 71 70 92 20 111 128 88 69 22 23 113 106 3 110 90 29 17 68 35 125 123 104 2 105 121 1 81 21 77 66 122 65 0 100 25 26 103 101 117 107 120 64 98 51 12 8 33 31 41 109 94 55 34 11 59 57 93 36 9 62 43 61 124 102 60 127 56 32 7 53 58 28 47 82 63 83 73 48 52 44 118 54 46 40 85 45 78 76 74 27 99 108 14 72 39 38 15 18 13 10 30 119 50 49 126 16 37 75 79 80
43 86 95 96 91 67 35 130 89 84 6 129 29 92 70 131 19 87 112 116 24 20 97 22 66 88 68 114 81 106 104 115 132 31 121 123 105 23 125 71 69 64 100 101 25 21 5 110 11 32 120 4 107 122 113 103 128 65 8 28 17 90 3 111 33 51 12 2 26 36 59 41 55 58 46 1 109 62 93 61 77 102 57 0 124 10 60 34 56 45 52 13 48 53 54 30 40 117 44 9 82 7 47 39 42 98 63 94 27 85 78 127 50 15 83 14 73 38 99 76 74 119 118 126 72 49 18 108 75 37 16 79 80
44 86 130 95 96 129 91 131 84 89 132 6 24 5 97 116 19 4 67 112 111 3 114 115 71 17 92 2 87 77 88 65 1 128 25 125 81 23 29 0 121 90 106 123 22 26 35 110 20 100 113 122 69 51 70 104 21 105 101 33 107 103 117 66 34 120 68 64 94 109 43 98 36 93 60 61 102 82 53 9 12 7 31 55 85 62 63 8 127 124 83 59 47 27 42 11 57 99 18 118 73 38 108 76 58 32 52 41 56 50 78 39 74 40 28 46 72 54 45 119 15 48 49 14 16 13 10 126 30 37 75 79 80
45 86 130 129 96 131 132 91 5 95 4 111 3 1 2 128 84 0 97 89 24 19 67 116 77 17 6 90 65 71 112 26 110 94 87 121 88 125 51 23 22 92 43 81 122 33 20 106 123 117 100 98 104 21 115 101 36 105 114 69 34 25 53 109 70 61 60 83 127 107 103 93 120 85 7 82 118 47 108 66 68 113 27 99 102 62 55 42 29 18 124 38 40 35 119 50 64 63 9 44 58 73 41 59 39 126 46 16 52 12 49 31 48 54 57 56 75 37 8 15 72 11 80 32 14 76 74 79 78 28 10 30 13
46 86 130 89 129 96 91 95 84 131 132 5 24 19 67 4 111 17 92 6 97 65 51 112 116 81 125 87 3 121 100 33 106 128 71 88 2 25 90 1 77 22 23 123 26 122 20 36 101 115 0 34 43 60 107 110 61 114 104 120 109 21 70 53 29 105 103 113 93 94 69 102 7 82 117 62 66 55 98 68 27 47 35 124 40 38 85 64 63 83 42 99 18 9 127 118 108 50 52 73 44 119 59 58 12 39 16 49 57 56 31 41 45 126 54 8 15 48 37 11 75 14 72 32 76 74 79 78 28 80 10 13 30
47 86 95 96 91 6 130 67 89 84 116 129 112 92 19 24 131 115 114 97 29 70 20 23 35 87 22 71 113 81 88 132 66 68 106 121 21 100 69 107 17 125 110 5 90 4 123 104 120 65 111 128 25 105 77 101 3 64 122 26 31 103 2 8 1 11 36 109 12 117 32 93 59 124 55 51 0 41 102 57 58 61 62 56 43 40 53 82 33 52 7 54 60 28 45 48 9 46 34 98 42 94 39 27 10 63 44 73 76 78 85 38 83 14 74 30 127 13 99 15 72 119 118 126 18 50 108 49 16 75 37 79 80
48 86 130 96 95 129 81 91 92 131 89 51 100 132 65 111 33 36 61 5 84 121 120 43 24 4 97 116 107 3 112 77 19 34 109 26 53 17 93 90 60 82 102 128 2 62 125 6 67 25 1 94 55 106 0 115 7 71 40 114 47 124 110 101 88 85 122 23 123 113 27 22 42 87 99 83 98 20 117 18 38 127 29 119 108 104 21 52 50 58 69 70 63 103 118 105 35 66 68 126 9 64 73 59 39 44 16 54 49 75 41 56 45 57 46 12 31 37 15 72 8 80 11 32 76 14 74 79 28 78 10 30 13
49 87 104 105 89 88 84 125 123 106 101 103 122 70 86 121 96 91 68 35 130 95 129 67 66 131 20 28 92 97 132 6 34 29 100 69 5 33 22 11 4 25 32 64 3 90 8 65 31 37 19 128 21 51 60 112 116 13 52 2 43 120 30 81 46 44 41 42 10 55 111 48 24 1 107 110 54 23 0 36 124 53 50 71 61 26 62 98 59 56 47 63 117 7 57 39 45 12 17 102 93 40 94 127 38 58 83 9 115 82 99 109 85 27 113 15 77 118 114 73 119 108 126 16 18 14 75 78 72 74 80 76 79
50 86 96 95 91 35 84 130 89 29 67 87 92 6 97 129 131 64 31 112 121 116 11 70 24 104 132 28 88 19 32 107 105 106 25 81 123 110 100 5 12 68 20 8 4 125 66 90 115 114 128 120 122 22 3 113 2 111 34 33 103 21 101 10 23 69 71 60 65 13 117 30 0 43 1 46 26 54 52 51 48 41 124 59 56 17 98 9 63 58 55 36 53 38 45 109 93 57 62 44 102 61 77 39 42 82 40 47 127 7 94 83 78 73 49 14 27 118 99 15 74 85 37 72 76 119 126 108 18 16 75 80 79
51 96 130 95 91 129 131 132 86 97 5 67 6 4 35 70 111 3 116 112 2 128 24 19 90 20 1 84 89 68 87 0 110 22 29 115 66 114 23 69 92 105 65 26 71 117 11 104 17 88 21 25 32 28 113 98 31 8 41 123 64 94 46 125 81 33 77 127 106 83 103 121 59 100 56 12 122 48 34 54 101 10 43 44 13 53 45 30 93 60 57 109 120 55 107 58 52 85 42 61 99 102 118 36 39 7 62 47 82 9 78 108 40 27 124 63 74 14 76 73 50 119 15 18 38 126 72 49 75 16 37 80 79
52 130 129 131 132 91 96 5 4 95 86 3 84 97 6 2 1 111 128 0 24 67 89 90 87 19 116 25 88 71 112 17 77 110 65 26 29 23 123 94 35 122 98 105 117 104 22 70 69 115 33 125 20 114 106 43 34 51 21 121 103 66 64 83 127 68 92 101 113 60 118 47 100 27 99 85 7 63 109 107 108 12 53 81 93 9 42 8 11 36 61 50 31 55 102 120 48 41 82 44 18 38 73 57 62 46 32 28 78 49 72 56 124 59 39 76 58 14 16 119 15 74 40 54 10 13 45 30 126 37 75 79 80
53 91 96 95 130 129 131 86 67 97 116 112 5 132 6 84 70 19 89 4 35 29 20 24 22 68 87 90 110 111 115 128 71 66 3 114 2 23 1 21 25 88 104 69 113 92 0 105 64 123 117 106 17 121 31 122 125 81 41 26 12 98 77 103 32 11 65 101 51 100 8 56 43 107 57 48 46 36 59 61 33 9 127 28 120 45 94 60 47 34 7 54 55 93 118 42 63 109 83 44 62 58 10 102 73 13 40 52 39 27 30 124 15 14 85 78 76 82 74 99 108 72 38 50 119 18 49 126 16 75 37 79 80
54 130 129 131 86 96 132 5 91 4 95 3 2 97 84 111 1 128 0 89 90 65 116 25 51 24 6 33 112 26 34 88 43 94 77 110 87 17 19 67 125 29 106 121 98 92 60 123 115 114 100 35 36 71 47 117 53 83 122 7 81 127 61 64 109 27 104 85 23 93 113 101 63 22 105 107 118 82 55 99 102 103 42 108 120 9 50 20 62 18 21 38 70 69 12 66 73 124 31 68 8 44 11 119 40 49 16 59 52 32 48 46 15 58 74 126 39 76 57 72 56 14 41 45 78 28 37 75 79 10 80 30 13
55 130 129 96 91 131 95 132 5 86 97 67 4 6 116 3 84 111 70 128 19 112 1 89 2 90 24 87 20 0 22 71 68 110 23 114 115 69 66 29 88 35 17 25 104 21 105 117 113 77 98 123 106 26 65 125 103 122 92 94 121 64 101 127 43 33 51 83 41 118 81 12 100 9 34 8 31 42 47 107 11 7 62 36 56 57 48 46 27 53 32 60 108 61 63 59 99 120 109 93 85 73 102 44 54 28 40 45 82 52 74 14 39 76 15 72 78 124 58 50 38 10 18 13 119 30 49 16 126 75 79 37 80
56 130 5 86 132 131 129 4 3 96 111 1 2 91 0 95 128 89 51 97 65 33 94 84 43 90 26 34 25 36 53 61 24 92 116 17 6 7 83 60 85 47 55 81 98 112 42 93 125 100 62 77 19 109 27 110 88 87 67 127 117 121 106 82 122 102 99 120 29 107 115 114 123 101 23 71 18 63 40 50 35 118 22 38 108 64 104 20 105 103 113 44 9 21 119 73 124 16 52 70 66 39 69 58 46 59 126 12 57 31 75 41 68 54 49 48 15 45 80 8 11 72 76 14 32 74 37 79 78 28 10 13 30
57 130 129 132 131 5 4 3 2 86 1 111 0 96 95 91 33 128 51 65 94 43 97 89 36 26 53 83 84 25 90 61 47 7 34 85 42 55 60 24 62 92 116 81 27 17 98 93 82 109 99 110 6 77 100 112 125 127 19 40 121 87 29 117 106 102 67 88 35 120 115 18 44 114 63 123 122 107 101 23 118 71 108 50 64 38 52 113 73 22 104 9 103 16 39 58 105 20 124 119 21 46 75 59 56 70 126 69 12 41 54 31 66 48 49 8 15 45 68 80 11 32 72 74 76 14 37 79 28 78 10 30 13
58 130 131 129 132 4 5 96 91 2 3 95 111 1 128 97 0 24 86 90 116 19 67 84 6 112 110 89 22 17 71 20 26 77 94 117 98 23 87 115 65 21 25 88 114 43 70 83 69 127 123 29 33 51 68 113 66 104 106 105 118 125 35 122 47 121 34 108 85 103 27 99 60 7 101 92 64 61 53 36 109 100 42 81 93 18 73 82 107 63 9 41 62 50 38 55 48 102 44 12 120 40 31 39 16 46 57 119 52 8 59 11 45 124 15 56 72 49 32 54 126 76 75 74 78 14 79 28 80 37 13 10 30
59 130 131 132 5 129 4 3 2 1 91 111 96 86 0 95 128 97 65 89 84 94 24 26 90 51 43 33 19 17 25 6 83 116 112 77 98 34 67 47 110 36 53 7 61 85 60 88 71 127 87 117 27 92 42 125 123 23 115 122 93 81 22 114 121 106 99 20 55 29 62 104 100 82 109 118 35 108 21 101 18 105 63 103 102 113 107 69 40 44 50 70 38 66 9 64 73 120 16 68 119 46 52 12 124 39 58 48 41 54 56 31 45 49 126 57 75 15 8 11 80 72 32 76 74 37 79 14 28 78 10 13 30
60 96 91 130 95 129 131 86 67 97 6 132 5 4 112 111 90 24 116 35 70 84 128 3 19 87 2 29 89 66 68 110 1 20 0 92 69 105 65 71 88 26 11 115 104 32 23 31 22 28 8 98 114 123 21 117 33 64 17 25 113 94 51 46 34 43 106 121 41 13 103 77 127 122 125 83 12 100 81 10 107 48 59 54 53 120 44 45 56 118 52 109 42 101 30 57 93 47 99 55 85 102 61 39 58 36 108 62 7 50 82 27 124 9 63 38 78 40 49 14 119 15 73 18 126 74 76 72 37 75 16 80 79
61 96 130 95 91 131 129 132 5 97 4 116 6 67 111 86 2 19 90 3 128 112 70 24 1 20 84 0 110 68 22 71 89 35 29 66 23 21 69 17 87 115 114 117 98 25 26 88 113 65 94 104 77 105 127 92 83 41 31 123 8 106 48 43 64 46 118 12 125 103 36 122 81 11 121 59 51 53 56 47 57 32 109 45 108 33 107 99 42 44 101 85 7 54 100 9 93 55 28 39 60 120 62 102 34 27 58 82 73 40 10 13 52 63 76 15 78 30 74 124 18 72 119 14 50 126 38 16 49 75 37 80 79
62 130 96 91 129 131 95 132 5 4 97 111 3 128 2 1 19 67 116 86 112 6 24 90 0 20 71 84 110 22 70 17 23 21 69 115 89 114 117 87 68 29 98 66 88 77 26 113 25 94 104 35 65 105 127 123 83 106 118 122 125 103 43 92 121 64 41 33 101 81 51 47 108 12 99 48 85 55 46 42 9 34 31 100 8 7 56 109 57 36 27 107 73 93 61 53 59 44 60 11 45 40 82 120 102 63 32 54 72 39 18 74 58 76 28 15 78 52 50 119 38 16 124 14 10 126 13 75 30 49 79 37 80
63 6 65 26 130 28 24 32 91 96 95 86 131 129 132 67 31 5 97 92 13 4 111 11 8 30 3 10 90 2 17 1 35 89 128 94 93 19 0 23 43 53 81 84 109 83 98 77 85 55 107 116 112 71 29 82 52 110 54 66 44 120 42 100 46 87 59 18 62 33 51 47 99 127 70 114 102 57 58 56 61 88 60 12 115 104 117 34 27 105 22 68 50 125 106 123 108 48 41 101 103 118 21 36 7 64 121 69 122 113 20 39 78 119 124 45 25 126 74 40 75 38 49 14 76 72 16 9 37 80 73 15 79
64 65 43 28 13 53 26 51 33 55 47 10 32 60 61 92 34 27 42 83 6 30 8 93 7 85 50 94 62 36 86 109 52 44 5 111 132 130 82 81 4 131 129 11 2 3 0 102 91 24 1 18 99 120 90 96 31 97 58 100 54 128 107 98 39 46 40 59 95 89 127 49 108 38 119 57 56 75 126 84 35 63 118 110 25 77 17 45 67 48 124 41 117 116 112 106 16 125 121 101 78 87 80 88 114 37 123 12 122 115 19 105 23 103 29 104 71 113 74 9 66 76 14 22 70 15 73 21 68 69 72 20 79
65 96 95 130 91 129 86 131 25 132 70 97 116 112 5 4 84 29 20 89 68 67 115 114 69 3 128 2 22 1 87 66 19 21 7 90 36 35 33 110 113 9 0 111 88 92 81 64 51 40 105 34 104 41 106 123 117 63 42 125 121 62 71 122 73 46 55 61 23 44 103 6 58 39 43 101 45 60 100 59 120 47 52 27 48 54 56 15 98 24 16 53 57 31 107 12 83 127 94 38 8 93 102 11 85 26 118 124 17 99 82 109 32 50 75 14 28 77 76 72 119 49 78 108 74 126 18 79 80 10 30 13 37
66 55 94 65 102 93 109 111 61 62 36 99 51 53 100 81 42 119 86 43 120 7 77 0 40 82 85 33 1 4 47 132 5 92 3 2 60 26 108 27 34 107 131 17 83 39 124 121 91 127 126 128 98 125 101 18 90 44 89 129 118 58 130 24 122 75 52 106 97 96 6 25 87 103 84 46 45 123 88 104 105 95 38 50 41 117 16 110 59 19 71 49 63 48 116 23 112 54 37 56 67 68 70 69 57 9 22 80 20 21 115 73 113 114 29 15 64 35 12 31 14 79 72 11 32 8 28 30 13 10 76 74 78
67 62 36 55 51 61 53 42 7 93 40 81 94 86 43 47 102 33 109 85 5 65 0 99 82 27 92 34 132 111 1 120 4 39 3 60 83 119 2 131 91 100 129 130 58 44 127 52 107 128 26 25 98 97 96 46 90 126 108 89 75 45 121 118 18 95 124 101 125 84 38 16 41 110 106 87 122 88 63 50 77 59 104 117 123 103 105 116 54 112 48 56 70 24 6 68 9 57 49 17 115 73 80 113 114 37 29 66 64 15 69 20 71 19 23 35 22 21 12 31 72 79 14 11 32 8 28 76 74 13 10 30 78
68 65 109 93 94 17 102 99 111 55 100 62 81 77 53 61 51 36 82 120 85 119 42 7 86 43 33 92 40 0 108 5 26 4 1 107 47 121 2 3 132 60 83 27 125 101 19 24 89 98 131 106 39 6 18 34 124 91 127 126 71 90 97 118 104 128 122 130 103 84 129 87 88 44 123 105 23 75 58 52 96 46 45 25 95 50 38 49 117 41 67 110 21 22 70 37 16 59 69 54 48 20 63 112 116 56 66 57 9 80 115 73 113 29 114 15 64 35 12 14 31 79 72 32 11 8 28 74 76 10 13 78 30
69 93 94 65 62 109 99 111 102 81 77 82 55 42 86 85 61 36 0 1 5 120 51 119 100 92 132 2 3 40 7 4 43 83 108 53 17 131 47 33 26 39 89 27 91 128 121 98 107 124 130 60 129 127 34 125 44 126 101 118 58 96 84 90 122 24 97 123 52 18 106 46 88 45 104 6 87 95 75 103 25 105 41 110 117 19 38 59 71 50 70 116 16 112 54 68 48 20 49 56 23 22 37 21 63 66 57 67 115 9 113 80 114 73 29 15 64 35 12 14 79 31 72 11 32 8 28 74 76 13 30 78 10
70 111 109 65 93 99 94 102 77 17 55 51 120 100 85 82 61 36 62 81 86 119 53 4 0 5 42 92 43 1 3 33 26 121 40 108 2 107 83 132 7 47 131 125 24 89 60 101 34 19 91 98 39 127 124 128 106 122 6 129 27 97 130 104 87 126 18 90 118 103 105 123 88 84 71 58 96 44 46 52 75 95 45 23 25 41 38 50 117 49 110 67 22 21 37 59 20 69 48 68 54 116 16 63 112 56 66 57 80 9 115 113 114 73 29 15 64 35 12 14 31 79 72 32 11 8 28 74 76 13 78
71 62 40 86 81 36 55 5 1 7 42 61 132 4 0 94 93 111 2 3 82 39 99 53 131 109 83 85 47 51 102 129 120 119 92 130 91 43 44 27 33 128 58 65 75 100 127 97 52 45 96 108 98 107 46 89 60 90 118 25 126 34 121 70 95 68 84 18 26 41 125 59 101 106 124 117 54 122 110 104 112 16 48 116 88 103 123 87 77 38 105 56 63 20 50 69 57 66 115 17 9 73 80 21 29 114 113 22 49 24 19 37 15 6 23 64 67 35 12 14 79 72 31 11 8 32 76 28 74 10 78 30 13
72 62 42 65 43 53 55 47 7 61 36 33 51 27 52 85 26 44 94 34 82 60 40 93 75 83 92 58 86 54 131 130 18 132 81 129 99 39 50 5 4 2 102 59 98 0 111 3 128 16 91 1 127 109 80 46 13 95 120 96 90 97 6 25 56 63 57 24 119 107 100 108 45 126 28 10 38 48 118 89 116 8 32 41 110 117 30 73 77 9 112 84 124 114 17 121 115 64 49 11 79 113 78 29 88 125 31 101 106 23 15 123 67 35 122 87 19 74 37 71 12 103 104 105 14 76 20 22 21 66 69 68 70
73 65 130 26 129 86 132 111 24 131 5 96 6 4 95 94 92 2 3 1 83 91 0 93 81 85 128 82 97 109 77 18 90 107 102 17 98 62 53 99 55 42 112 58 61 89 43 127 116 110 47 100 51 120 27 115 67 59 114 44 108 84 8 75 23 117 118 19 52 36 54 32 57 71 46 7 119 33 39 60 113 40 31 56 126 41 121 45 28 11 34 48 10 124 106 13 50 125 74 22 87 122 88 101 123 35 29 30 78 103 12 21 38 16 104 20 66 80 105 76 69 70 25 68 63 49 72 14 9 37 64 15 79
74 33 51 7 42 43 25 47 36 53 27 61 62 55 34 65 44 60 26 52 83 63 85 16 93 94 40 50 54 73 58 130 75 82 132 129 9 131 92 18 39 80 4 13 5 64 59 81 99 46 79 109 2 38 0 1 3 102 98 57 56 111 10 128 127 86 30 95 28 90 45 96 29 97 91 41 114 6 48 119 15 120 108 126 115 116 24 8 118 112 110 32 49 107 113 117 100 76 35 11 78 12 31 72 77 89 37 14 124 84 17 121 106 125 67 88 101 23 19 71 122 87 123 105 103 104 22 66 21 69 20 68 70
75 96 130 95 129 91 86 131 67 6 24 19 71 23 132 5 22 116 97 112 4 84 20 111 3 89 21 70 128 90 68 17 66 115 114 2 69 1 110 29 77 87 0 117 88 113 26 92 25 104 35 123 105 81 121 122 107 106 65 98 103 64 125 73 100 101 9 94 12 127 31 63 118 83 120 72 109 62 51 57 41 33 43 18 11 15 76 55 7 74 32 59 8 36 27 42 56 60 93 108 48 34 85 61 82 47 124 53 99 46 102 40 58 38 14 16 45 78 44 54 28 52 39 50 119 10 13 79 126 30 49 80 37
76 51 47 7 43 53 65 42 36 27 61 33 62 55 44 26 83 34 13 52 25 85 60 40 10 16 93 94 30 28 54 75 130 63 82 58 50 80 131 4 39 59 132 5 18 129 92 73 46 1 2 56 57 0 3 109 111 81 9 95 96 102 8 38 79 32 114 99 91 97 86 90 6 45 78 64 48 41 24 115 128 127 98 116 112 11 119 126 108 118 113 107 74 29 120 110 31 15 100 117 49 35 77 12 89 17 84 124 72 14 37 67 23 106 121 19 71 125 88 101 87 122 123 22 66 21 105 103 104 20 69 68 70
77 86 130 96 129 131 132 91 95 70 4 5 20 3 69 40 68 2 1 81 36 128 62 25 116 42 89 0 7 112 55 84 66 22 97 92 45 39 21 44 111 61 51 58 33 90 121 110 47 41 52 83 46 120 115 100 88 87 34 43 53 67 59 104 114 27 106 105 60 125 117 101 123 113 48 122 107 94 54 19 16 82 73 85 98 75 127 103 124 99 102 56 9 93 71 29 63 118 119 57 109 38 126 108 23 65 64 50 35 80 15 26 18 24 6 17 49 12 37 31 72 14 79 32 8 11 74 76 28 10 78 13 30
78 33 51 25 7 43 34 27 36 42 61 47 55 53 60 62 65 44 83 52 63 50 85 26 64 40 58 93 73 16 82 54 130 94 9 131 29 129 38 92 132 75 4 30 59 39 5 1 79 2 35 109 0 57 18 3 80 102 46 111 10 13 97 99 96 28 56 76 91 81 90 128 95 86 98 127 45 114 11 116 8 41 115 49 119 48 12 120 15 32 112 118 108 126 113 72 6 110 14 117 31 74 24 107 100 37 89 84 124 77 17 121 106 67 125 23 88 101 71 19 87 123 122 22 105 66 103 104 20 21 68 69 70
79 65 130 26 32 8 132 129 85 92 131 83 94 93 31 28 5 2 4 55 13 86 0 42 82 3 111 11 96 10 6 95 91 81 53 62 1 58 109 54 44 24 47 52 59 74 18 78 102 30 128 97 61 51 43 46 57 7 27 56 99 107 76 36 12 90 127 39 98 40 114 75 120 100 80 35 115 33 48 45 89 116 17 41 112 126 60 77 119 108 34 110 118 117 29 50 14 113 84 72 16 23 124 121 67 38 25 19 106 64 9 63 88 71 125 101 122 87 49 123 104 15 73 103 105 22 37 66 20 21 69 68 70
80 86 95 96 24 6 91 130 29 92 19 23 129 89 67 116 131 84 114 71 17 81 35 97 112 115 132 77 65 12 26 107 31 111 100 113 22 4 88 5 110 20 90 64 87 120 125 109 66 121 8 9 128 32 21 106 3 70 25 69 59 93 82 11 101 2 105 102 104 0 15 76 1 123 28 122 68 72 74 51 57 73 14 103 56 117 58 61 60 63 85 62 13 36 124 94 33 52 34 54 41 98 55 78 18 10 46 53 43 48 45 38 7 27 40 30 83 99 108 44 79 42 47 127 118 39 119 50 126 16 75 49 37
81 5 132 4 1 131 2 3 111 129 130 91 0 96 128 97 90 94 95 98 127 83 19 67 24 118 110 117 70 20 6 99 71 26 25 43 116 17 22 68 69 47 108 23 85 65 77 66 112 42 21 41 33 7 48 51 46 27 84 44 39 87 29 53 34 36 45 115 93 109 40 86 88 61 60 55 104 105 73 62 119 18 35 56 9 82 64 114 57 50 113 59 63 89 126 54 16 123 102 58 75 52 103 38 122 92 15 12 80 120 106 100 31 121 49 125 107 101 8 11 124 72 32 79 14 74 37 28 76 78 10 13 30
82 130 129 91 96 131 95 132 5 4 97 128 3 2 116 111 112 86 1 90 19 20 0 22 84 110 70 67 21 115 89 117 114 68 69 71 87 24 23 113 25 88 98 66 6 104 105 123 29 94 17 127 106 83 41 103 121 118 125 35 122 33 48 73 77 64 43 51 101 81 9 7 46 92 34 26 47 45 36 57 56 44 59 108 65 42 85 63 40 27 39 61 100 60 58 62 93 99 54 12 55 109 53 102 107 120 16 15 52 31 8 38 11 119 50 124 72 18 32 126 14 76 74 75 79 49 28 78 80 10 13 37 30
83 95 86 96 114 91 130 115 112 116 19 92 81 129 89 20 113 84 22 131 67 24 70 21 23 71 100 6 97 132 69 68 25 29 125 106 88 107 121 120 87 17 110 36 66 5 101 35 62 40 104 122 123 4 61 51 77 128 105 58 59 103 82 33 124 109 93 64 90 60 111 102 3 55 34 65 9 73 52 57 41 7 2 26 45 117 56 85 1 54 12 53 63 0 94 31 8 38 39 42 46 43 48 44 11 15 47 27 99 127 98 32 119 74 76 14 28 18 16 78 72 126 108 75 50 118 10 13 49 30 79 37 80
84 42 94 99 93 55 39 85 65 62 102 82 53 109 43 44 47 83 40 36 7 33 4 0 2 61 5 1 111 26 3 51 127 119 132 46 52 34 58 131 45 27 60 128 98 108 126 77 120 24 25 129 54 17 6 130 92 41 90 81 59 118 19 91 70 18 100 97 48 67 50 56 20 69 71 75 22 124 107 49 68 57 96 38 23 21 66 63 117 16 110 9 95 29 37 86 73 121 80 64 116 35 89 125 112 101 15 106 87 88 123 122 104 103 105 12 31 115 113 72 11 8 79 14 114 32 28 74 13 76 10 78 30
85 95 96 130 91 129 86 131 116 112 132 114 20 19 115 5 84 22 89 97 4 70 67 113 21 128 3 110 69 68 71 87 92 23 2 88 111 81 1 25 24 121 29 90 66 106 104 125 6 0 105 117 123 35 17 122 103 100 101 120 41 51 107 64 33 36 59 57 9 40 34 73 77 58 62 7 56 98 83 94 61 45 63 55 124 60 65 43 82 48 26 52 54 12 46 31 127 102 44 42 93 39 15 109 53 47 99 11 38 27 8 118 16 72 32 119 108 28 78 14 76 18 74 50 126 75 79 10 49 30 13 37 80
86 1 5 2 4 94 0 132 111 3 83 99 42 131 127 85 47 128 65 130 43 129 98 26 44 55 90 93 33 53 39 51 91 46 7 62 6 108 109 97 24 36 34 40 118 77 27 82 61 41 19 25 96 67 102 119 17 60 45 48 70 52 126 58 71 18 20 95 22 117 69 110 54 68 23 56 59 50 21 75 57 66 116 16 63 29 38 112 73 9 64 81 120 80 49 35 92 87 107 100 15 115 105 84 104 88 124 113 114 37 89 12 121 31 106 123 125 101 72 103 122 8 11 79 14 32 28 74 76 78 13 10 30
87 55 102 42 99 65 93 39 94 62 109 53 51 85 61 33 82 43 120 44 36 7 47 100 119 40 52 46 34 1 0 111 4 60 92 5 2 26 3 127 81 83 132 58 70 45 27 126 17 77 6 25 41 131 108 67 49 68 19 128 54 124 24 107 69 98 59 20 130 90 22 56 129 50 66 118 18 91 125 71 48 75 37 21 86 121 97 23 101 38 57 63 89 96 106 16 117 122 110 104 95 9 88 105 123 29 73 64 80 103 35 84 116 15 112 12 31 14 115 72 113 79 11 32 8 114 28 13 74 10 30 76 78
88 42 102 55 94 99 65 39 93 62 85 82 109 33 44 43 47 53 61 51 1 2 5 52 119 40 36 0 4 7 26 46 111 34 132 3 127 58 83 120 45 70 60 6 100 77 126 128 131 17 108 54 27 41 92 98 68 49 25 24 19 81 130 59 91 67 22 129 90 20 69 56 118 124 66 48 107 97 18 50 71 21 75 57 37 23 96 38 63 125 86 121 117 16 101 110 95 9 87 106 29 89 73 80 123 104 122 64 116 35 105 103 84 15 112 12 31 72 14 115 79 11 113 8 32 114 28 13 74 76 30 10 78
89 42 94 5 1 132 0 2 99 4 3 85 111 65 55 39 43 44 47 83 53 131 93 33 46 62 51 127 26 128 7 102 109 130 82 34 61 41 129 98 36 40 27 6 119 17 77 45 52 91 60 70 24 108 58 90 19 67 25 97 54 20 126 48 118 59 69 68 56 96 18 22 71 50 57 120 49 66 75 21 23 117 38 92 110 95 100 81 63 16 107 29 9 124 73 116 37 87 80 35 64 112 105 86 104 15 125 84 88 121 106 101 122 123 103 12 115 31 113 114 72 14 79 8 11 32 28 74 13 76 10 78 30
90 86 81 92 36 62 82 40 61 51 55 93 102 100 109 120 33 107 7 53 58 65 60 34 25 42 19 67 24 20 52 89 124 85 121 6 39 22 84 114 45 47 113 119 21 70 44 43 125 54 26 59 115 77 71 95 68 106 126 23 101 69 46 99 66 38 17 41 27 56 88 29 83 94 75 96 63 18 123 122 57 48 87 112 9 73 104 105 116 64 103 50 16 35 91 108 127 49 111 1 15 2 132 98 0 4 5 118 130 97 131 37 129 3 128 12 31 80 110 8 117 11 32 72 79 14 74 76 78 28 10 13 30
91 82 85 62 36 93 61 55 40 81 65 51 53 7 109 92 42 102 33 86 34 94 83 47 26 60 43 99 58 24 120 39 100 119 19 25 107 44 6 52 27 77 18 126 17 20 45 67 46 22 59 124 127 38 108 89 75 41 54 0 121 71 21 23 70 1 84 2 111 125 50 56 69 48 68 106 57 63 3 98 101 66 4 118 9 16 29 5 88 132 114 122 123 73 128 87 113 103 49 115 104 105 35 131 64 37 90 129 80 96 130 95 15 97 116 12 112 31 117 110 8 11 79 72 32 14 76 28 74 78 10 30 13
92 131 5 132 130 4 129 1 3 111 2 91 0 128 96 97 90 94 95 83 98 127 43 47 25 67 110 19 26 99 42 33 118 117 116 7 85 70 6 24 51 65 34 20 27 112 108 71 68 44 69 41 17 46 22 53 23 60 84 66 77 87 21 48 39 29 36 55 61 62 9 50 93 63 35 105 40 45 88 64 104 73 115 54 56 119 59 18 89 57 16 109 114 82 52 126 38 86 58 113 123 102 75 103 80 49 15 12 81 122 106 120 31 100 107 125 11 121 8 101 32 124 72 14 37 79 28 78 74 76 10 13 30
93 130 131 91 129 96 95 132 5 4 86 97 3 2 70 128 116 84 1 111 20 112 67 90 19 22 0 68 69 110 25 89 21 87 66 71 115 117 88 104 114 6 105 23 29 113 98 24 123 122 106 121 35 125 103 33 94 41 127 17 64 51 92 43 101 81 83 7 73 36 9 34 48 118 47 46 40 42 44 63 77 56 61 100 60 45 27 57 59 65 39 109 53 55 26 62 54 82 102 120 58 12 85 107 99 108 52 16 15 31 38 8 124 119 50 11 32 72 126 14 18 74 79 28 76 75 49 78 80 10 13 30 37
94 86 95 96 91 81 20 114 92 89 84 115 22 19 112 116 130 70 67 21 129 113 69 131 68 100 25 87 121 71 106 66 125 23 88 120 107 24 36 6 40 101 62 123 122 132 104 29 97 61 105 51 5 103 110 58 59 124 4 55 82 33 102 35 17 41 52 93 109 128 7 34 60 45 73 64 57 3 56 54 39 9 90 2 77 63 111 46 44 1 42 117 65 48 53 38 85 0 43 83 12 26 99 47 31 15 27 8 16 119 127 11 75 108 98 126 32 18 50 14 118 72 74 28 76 79 78 49 37 10 13 80 30
95 85 83 65 82 62 51 61 26 55 94 93 36 7 42 53 47 40 43 33 109 0 99 1 102 24 2 81 111 27 34 92 44 18 60 25 58 39 3 127 5 4 119 132 6 77 17 52 108 46 120 19 98 45 86 75 126 128 100 59 131 41 107 20 50 118 23 129 54 67 22 48 16 124 38 130 21 56 57 90 71 63 29 9 73 70 69 97 121 89 66 68 80 84 125 49 114 106 96 64 35 101 117 91 37 122 15 88 123 116 113 112 87 115 103 12 110 104 105 31 8 72 11 79 74 32 76 78 28 14 10 13 30
96 85 65 82 36 62 61 55 93 51 83 42 40 26 94 47 109 53 7 81 33 102 43 92 99 24 34 60 39 58 86 44 0 27 119 25 18 77 6 1 2 120 19 111 127 17 100 52 126 108 3 107 45 46 75 4 5 59 20 54 132 41 98 67 22 38 50 21 23 128 124 48 71 118 56 89 131 57 16 63 70 121 29 69 9 84 125 129 73 68 66 90 106 114 130 101 49 122 80 64 123 35 95 88 97 87 37 115 113 91 104 103 105 15 117 116 112 12 31 110 8 11 79 72 32 76 14 78 74 28 10 30 13
97 62 82 81 36 92 61 51 55 93 40 86 65 85 102 109 33 53 7 42 60 34 58 120 100 25 107 119 19 26 43 39 47 52 24 6 44 83 89 20 94 67 99 124 45 22 126 59 121 77 27 17 46 114 54 70 84 21 18 38 71 106 41 23 113 125 29 75 68 56 115 69 63 101 57 50 66 48 9 127 88 95 123 108 122 16 87 73 35 0 104 64 96 103 2 1 112 105 98 49 118 111 116 4 3 132 37 5 91 131 130 128 15 129 90 80 12 31 8 117 11 110 72 32 14 79 74 28 78 76 10 30 13
98 86 81 92 95 89 40 120 36 100 107 84 67 113 62 115 19 114 96 20 61 70 55 51 82 121 112 102 116 22 109 124 93 58 125 25 106 24 101 33 21 6 91 69 71 60 34 68 7 23 52 66 53 88 42 87 59 65 122 39 45 123 29 54 104 17 77 44 41 119 103 38 56 105 9 46 130 57 43 85 126 63 47 35 129 73 26 64 48 131 110 27 99 97 75 18 50 132 94 83 16 111 5 90 128 0 4 1 3 2 127 117 118 15 12 108 37 49 31 8 11 72 32 80 14 28 78 74 79 76 10 13 30
99 86 95 96 91 84 89 70 130 129 67 116 20 19 112 81 131 22 68 87 121 92 69 88 71 104 21 66 115 125 132 106 114 100 97 101 105 123 122 5 120 6 113 107 110 4 23 103 25 24 128 3 2 90 36 111 29 17 40 117 1 124 51 33 41 35 0 62 61 34 77 102 60 59 58 7 64 73 55 45 109 52 9 65 57 56 94 93 48 43 39 82 54 98 38 63 53 42 46 44 85 26 47 83 27 119 127 118 15 12 31 108 126 16 50 11 8 18 75 72 32 49 74 14 28 37 76 78 79 80 13 10 30
100 5 2 4 132 1 131 3 0 111 130 91 128 129 70 96 90 94 97 127 98 95 19 68 67 20 69 83 66 99 22 43 6 118 42 47 87 33 21 24 17 25 71 41 117 110 108 46 84 26 65 44 116 48 85 39 77 105 88 51 23 104 7 34 112 27 45 53 55 36 60 89 56 40 119 29 61 93 54 62 123 109 103 50 52 35 59 126 57 64 82 102 58 9 122 63 73 86 18 16 106 115 38 120 49 75 125 121 113 101 92 81 114 124 15 80 107 12 31 37 72 11 8 79 32 14 28 13 74 76 10 78 30
101 111 2 1 0 5 94 4 3 99 70 132 131 42 43 127 39 68 128 65 67 130 98 85 20 83 47 129 46 55 19 33 17 69 91 90 41 66 44 22 93 51 26 109 108 77 102 24 6 53 118 119 45 34 7 97 62 40 82 21 49 71 27 52 48 25 36 126 96 61 23 58 60 54 56 59 87 50 117 110 95 105 104 18 57 120 75 37 63 88 100 16 125 29 38 116 81 92 9 124 123 122 64 103 73 106 121 107 35 89 84 86 112 80 15 12 31 115 113 14 114 72 11 79 32 28 8 13 74 10 30 76 78
102 130 131 129 5 91 132 96 95 4 3 97 128 1 2 111 86 67 0 84 70 90 20 87 116 19 68 89 112 110 22 69 66 105 88 104 25 71 21 117 6 24 98 23 123 115 94 127 103 17 106 114 122 29 121 125 41 33 43 113 118 83 101 48 51 34 47 7 35 26 46 77 36 64 42 99 9 60 73 65 56 44 27 108 61 53 92 93 45 39 100 40 63 81 55 109 85 54 59 62 57 82 120 52 12 107 38 16 58 15 50 119 124 31 126 8 18 11 72 75 32 80 49 14 74 76 28 79 78 37 13 10 30
103 42 99 65 94 55 102 109 93 51 33 85 39 1 5 43 0 62 111 70 53 3 46 4 44 2 82 26 34 132 47 119 17 68 40 83 127 7 67 61 77 36 45 19 52 69 49 60 20 6 27 131 120 41 58 66 126 98 24 128 108 22 129 71 100 130 90 91 25 59 118 21 54 92 56 81 50 23 18 97 37 48 124 75 107 57 96 63 38 117 16 104 105 101 125 110 87 123 122 121 95 86 88 106 9 73 89 80 64 29 84 116 15 35 112 12 31 115 72 14 113 79 32 11 114 28 8 13 30 74 10 76 78
104 102 55 42 99 93 109 65 94 39 53 51 33 43 62 85 40 120 0 36 1 70 82 34 61 5 2 111 47 44 7 4 119 3 46 100 83 17 26 49 52 77 60 126 132 68 127 19 92 6 67 58 27 81 45 69 41 20 131 108 25 128 98 24 124 71 130 66 50 107 129 22 59 90 54 118 91 37 125 18 23 21 101 48 56 75 97 38 121 57 86 96 63 16 105 106 117 89 87 103 122 110 123 95 9 88 29 73 80 64 35 84 15 116 112 12 31 14 72 115 79 32 11 113 28 114 8 13 30 10 74 76 78
105 102 55 42 99 51 109 65 33 93 94 39 53 85 43 62 34 120 82 61 0 100 7 70 119 44 40 2 1 60 111 36 3 47 5 4 46 92 52 26 83 127 49 17 132 77 68 67 58 45 19 81 126 27 41 6 108 124 20 131 107 24 69 22 25 98 128 130 66 59 118 50 90 54 18 71 91 125 129 37 21 101 23 97 75 56 121 48 86 38 57 63 106 16 96 104 89 117 122 110 103 87 123 9 88 95 80 73 29 64 35 15 84 116 112 12 31 14 72 115 11 32 79 113 28 8 114 13 30 10 74 76 78
106 94 5 42 4 99 2 132 0 111 1 3 43 39 65 33 85 83 47 55 53 127 44 131 70 46 62 93 128 130 102 98 109 129 7 51 91 26 19 67 90 20 40 82 17 41 36 34 45 68 61 119 6 77 97 108 27 52 49 24 22 126 58 69 66 118 48 60 71 54 96 25 21 59 50 56 18 23 57 120 117 110 37 75 95 87 100 63 92 38 81 124 16 105 107 104 116 125 29 88 9 101 73 35 64 89 122 112 123 121 80 86 84 103 15 115 31 12 113 114 72 11 14 79 32 8 28 74 13 76 10 30 78
107 4 5 2 131 111 132 1 0 3 130 91 129 128 97 96 90 94 98 70 127 95 19 67 68 83 43 47 25 20 99 118 66 69 110 22 71 117 42 33 7 24 108 6 26 41 116 27 46 51 85 84 21 23 34 17 87 44 39 53 48 65 60 36 112 77 40 55 29 45 61 105 88 50 104 62 9 63 73 119 93 56 126 89 38 52 64 54 86 109 59 18 16 75 123 58 82 57 115 103 35 102 122 113 114 106 92 81 100 120 80 15 49 121 125 101 12 124 31 37 8 72 11 32 14 79 28 74 76 13 10 78 30
108 86 95 96 20 81 22 91 19 70 89 84 112 116 67 92 68 69 113 21 115 130 66 100 121 120 71 129 107 114 40 88 131 101 125 25 106 87 23 36 110 122 123 124 6 24 62 105 97 104 61 132 58 51 29 103 55 33 82 5 45 17 41 109 102 60 59 7 128 34 52 4 90 39 93 77 117 9 3 35 54 42 56 64 48 44 73 57 46 2 53 111 38 94 63 1 65 0 43 85 47 119 99 27 83 126 26 15 98 127 16 75 118 12 31 50 18 8 11 72 37 49 32 14 80 74 28 76 79 78 13 10 30
109 91 130 131 129 96 132 5 95 4 86 3 2 70 1 97 128 111 0 84 20 67 19 90 68 116 69 112 22 110 25 89 87 21 66 117 104 105 71 88 98 115 23 114 29 123 122 121 106 94 6 127 24 41 103 33 7 51 43 113 36 125 101 118 83 40 46 17 35 47 34 9 42 48 81 64 44 92 45 73 39 27 61 93 60 100 63 62 56 59 55 53 57 99 120 108 54 65 102 77 26 58 52 85 107 15 16 82 38 12 119 124 31 50 126 75 8 11 18 80 14 32 72 49 79 76 74 28 78 37 10 13 30
110 62 81 82 36 40 109 61 93 55 85 51 92 65 102 86 53 33 7 42 34 119 60 58 43 26 39 120 47 100 83 107 99 94 24 25 126 52 44 77 6 45 124 19 18 46 67 27 22 59 108 20 54 38 89 17 41 21 121 75 127 71 23 56 50 125 48 69 70 57 84 63 16 66 101 106 29 118 68 0 98 1 9 114 2 73 111 113 122 88 3 64 4 5 87 123 35 115 49 132 103 105 128 80 104 37 90 131 91 95 15 97 129 130 96 112 12 117 116 31 11 8 72 32 79 14 78 74 76 28 10 13 30
111 86 81 92 40 62 120 20 100 36 95 82 19 114 55 70 61 107 109 22 93 51 102 58 89 115 67 21 121 25 96 7 113 33 68 69 71 84 52 39 42 60 24 34 124 66 53 45 101 23 59 125 65 85 6 41 44 106 116 112 91 122 17 87 46 56 77 57 123 88 54 104 47 29 119 43 130 103 105 38 48 129 75 73 27 26 9 63 99 126 83 131 16 94 18 64 35 5 1 132 2 4 3 0 50 15 128 97 110 127 108 12 90 98 49 31 118 37 80 8 117 11 72 14 79 32 76 74 28 78 10 13 30
112 85 82 83 65 94 93 61 36 62 55 42 51 47 26 40 53 109 7 33 99 43 102 34 60 81 0 24 127 44 92 119 58 1 39 27 111 2 108 77 98 25 6 18 5 52 4 126 46 45 3 132 86 120 118 19 128 17 54 100 75 59 41 107 50 67 131 90 20 48 23 56 22 71 124 16 38 21 63 129 57 130 29 73 9 97 89 69 70 121 68 117 80 66 49 114 125 84 113 106 64 95 96 35 91 115 116 101 37 122 110 15 88 123 87 12 31 104 105 11 103 8 72 76 79 32 78 14 74 28 10 13 30
113 85 83 0 94 111 1 132 2 5 128 4 3 65 82 42 26 98 47 127 131 62 93 129 51 36 55 53 61 43 7 130 99 108 33 90 40 118 97 34 27 44 109 60 119 102 58 25 24 39 77 18 6 91 126 92 81 46 52 17 45 117 75 19 54 41 50 48 59 96 120 38 16 110 67 86 56 107 57 23 100 22 20 116 71 63 29 73 21 9 95 112 124 80 115 69 66 35 70 49 114 89 64 68 121 84 15 125 37 12 106 101 31 76 8 11 78 72 74 79 122 32 28 14 88 123 10 13 87 30 103 104 105
114 83 85 132 1 0 5 4 2 111 131 94 3 130 129 65 26 42 128 47 62 55 51 53 82 7 43 36 127 93 33 27 61 99 98 40 90 34 44 97 109 60 24 108 25 118 18 39 58 102 91 75 77 46 119 52 6 96 17 81 126 45 41 54 92 117 19 59 16 48 50 95 38 56 29 73 63 116 110 23 9 120 57 67 80 86 107 100 71 112 21 22 20 115 124 64 35 69 15 113 66 49 70 12 89 68 31 76 8 79 121 74 11 72 78 37 125 32 84 14 106 28 101 10 13 30 122 88 123 87 103 104 105
115 85 83 94 2 0 1 5 65 3 132 111 42 82 26 4 62 47 131 51 55 7 128 53 93 61 127 36 43 33 40 99 129 98 130 27 44 109 58 34 108 25 90 118 102 39 24 119 60 18 77 81 46 97 92 6 126 52 45 75 17 59 41 54 48 91 19 50 117 120 16 86 56 38 57 63 96 100 107 29 67 9 73 23 20 71 21 22 110 80 124 116 95 114 69 112 35 49 64 113 66 89 70 68 121 15 84 125 12 31 37 8 11 79 76 106 74 101 78 72 32 28 122 88 14 10 123 13 30 87 104 103 105
116 85 65 82 62 55 83 93 61 94 42 40 51 36 53 26 7 47 109 99 33 43 102 81 92 34 58 39 119 127 0 44 24 60 1 27 111 25 6 2 77 108 18 86 126 98 120 52 46 19 45 17 3 118 4 5 100 59 75 132 54 41 107 128 124 48 50 67 23 20 22 56 57 38 71 21 131 90 63 29 16 9 89 121 73 129 114 69 70 125 130 97 80 68 66 84 113 106 64 35 49 96 117 95 115 91 101 112 122 88 37 123 15 87 103 110 104 12 105 31 11 8 72 78 32 76 79 74 28 14 10 13 30
117 81 82 86 62 36 92 40 61 55 93 51 109 102 120 53 65 100 33 107 60 85 42 7 58 34 19 119 124 24 39 52 25 6 26 67 126 99 20 47 44 45 77 89 22 43 17 59 38 21 121 94 71 18 83 27 113 23 41 46 54 84 114 70 125 115 75 56 69 66 106 68 29 101 57 50 48 108 95 9 63 88 127 123 122 87 73 16 112 96 104 118 116 103 35 105 98 64 0 1 49 111 2 91 132 97 5 3 131 4 15 128 37 90 130 129 110 80 12 31 8 11 32 72 14 79 28 74 78 76 10 13 30
118 86 81 92 19 95 100 120 121 20 89 84 22 107 70 67 96 115 113 40 114 112 116 21 36 69 124 68 71 91 62 109 102 125 24 23 61 66 82 106 6 101 51 55 93 25 58 88 87 60 17 122 123 33 104 52 7 45 59 34 65 105 77 53 39 29 130 41 103 110 119 54 42 129 38 97 56 131 44 46 126 57 43 9 85 26 48 73 63 35 47 99 132 117 64 90 94 27 98 18 111 75 5 128 0 127 1 4 2 83 50 108 3 15 16 12 49 37 31 8 11 72 32 80 78 28 14 76 79 74 13 10 30
119 91 96 86 95 130 129 70 131 97 67 116 84 20 132 68 19 112 22 69 5 89 71 128 4 110 66 90 87 21 3 111 88 2 117 121 115 23 1 6 105 106 113 123 104 114 0 24 122 101 125 25 103 81 92 17 100 98 29 77 107 120 41 35 118 127 33 36 94 48 51 124 43 34 9 64 40 7 73 61 93 65 45 99 26 47 109 62 60 83 46 59 56 102 57 55 63 53 108 82 42 39 54 44 58 85 27 52 38 126 12 15 16 31 50 18 8 11 72 75 49 14 32 28 74 37 80 78 79 76 13 10 30
120 132 5 4 1 3 131 2 111 0 130 129 91 128 96 90 97 70 94 95 67 19 98 127 20 87 69 83 68 6 22 110 84 66 71 24 99 117 43 118 17 25 26 23 21 47 108 116 112 105 33 65 77 104 41 88 42 85 7 34 48 46 51 89 44 27 53 29 39 86 123 60 36 103 45 55 50 35 61 64 109 93 119 122 63 40 106 115 56 62 9 73 57 121 126 18 102 54 125 82 59 38 101 52 114 113 100 16 81 58 92 75 15 49 107 12 124 80 31 8 37 72 11 14 28 32 79 74 76 13 10 78 30
121 111 1 2 5 94 4 132 0 3 99 131 128 70 127 42 47 43 129 85 130 83 91 65 90 98 19 39 67 46 17 68 44 20 77 55 22 118 26 97 69 93 108 6 24 41 53 33 45 119 109 7 51 66 102 36 96 48 71 62 82 40 126 34 21 27 61 25 60 23 52 54 58 50 117 95 110 56 49 87 59 18 57 75 105 116 120 104 88 38 100 16 84 63 29 112 9 81 37 73 35 124 92 64 107 101 86 123 80 125 89 106 103 15 122 115 12 113 114 31 72 14 8 79 32 11 28 74 13 10 76 30 78
122 99 94 42 5 1 2 39 3 0 65 111 4 132 55 70 85 44 43 46 93 53 102 62 33 83 109 47 127 41 51 67 131 26 20 45 6 17 52 128 68 119 82 40 130 7 19 36 77 98 129 69 34 61 66 24 108 27 22 91 90 58 126 59 60 118 21 71 49 56 54 48 25 97 120 23 96 50 18 57 100 75 81 37 92 110 124 117 63 95 107 38 87 16 105 125 104 9 73 101 123 29 106 89 103 116 88 64 80 121 86 15 35 84 112 12 31 115 113 14 72 114 79 32 11 8 28 13 74 30 10 76 78
123 42 94 99 65 39 55 2 5 43 4 85 102 0 1 3 33 62 132 44 53 93 111 109 82 46 127 83 47 70 58 52 34 51 45 119 131 7 26 128 40 61 41 67 36 60 19 77 17 6 98 126 68 69 27 108 24 130 20 129 90 120 49 22 54 91 59 118 25 48 66 97 100 21 56 71 50 92 81 18 75 23 96 124 37 57 107 63 117 38 110 16 95 125 87 101 121 9 104 122 106 88 86 103 73 105 29 89 80 64 116 84 35 15 112 12 115 31 113 11 72 14 32 79 114 8 28 13 74 30 10 76 78
124 5 4 132 1 2 131 111 3 130 91 129 0 128 90 97 96 70 19 67 127 94 98 69 20 66 22 68 95 110 118 84 117 6 87 83 99 71 17 47 43 116 108 21 24 25 77 23 105 88 104 41 26 33 112 48 42 46 85 65 51 34 7 44 89 39 53 27 45 123 36 60 126 119 55 50 103 29 61 40 93 109 122 86 35 106 54 62 64 82 63 18 100 56 115 121 102 38 52 9 57 73 125 59 120 101 49 58 113 16 92 114 81 107 75 15 80 12 31 37 11 8 72 32 14 79 28 74 13 76 10 30 78
125 94 5 0 1 132 111 2 99 4 3 42 131 39 130 70 46 127 128 43 85 83 44 65 47 129 55 33 41 68 91 51 67 90 93 20 102 98 53 26 45 69 6 17 62 19 109 34 108 77 24 66 22 7 97 119 96 82 40 118 52 54 61 27 36 58 48 25 21 49 126 59 71 56 87 60 23 57 110 50 117 104 95 18 105 120 37 75 88 63 100 116 16 38 92 81 101 123 122 106 124 112 9 73 89 29 80 107 103 84 35 64 121 86 15 115 12 113 31 114 72 11 14 28 32 79 8 13 74 10 30 76 78
126 91 86 95 96 130 129 131 84 67 97 116 132 19 90 70 112 89 5 110 128 20 22 68 4 69 88 87 71 3 66 111 121 106 105 104 117 2 21 23 1 115 6 125 123 24 122 0 114 113 101 92 81 103 25 98 17 100 107 29 77 120 35 118 124 127 41 33 36 51 34 43 94 40 7 48 47 9 64 60 61 73 65 26 109 53 93 108 83 102 62 99 63 82 55 42 27 56 45 38 119 46 39 59 85 54 57 58 44 52 12 31 16 15 50 18 8 11 72 75 49 14 32 28 37 80 76 79 74 78 13 10 30
127 86 81 92 95 96 89 84 115 100 19 120 114 112 91 107 20 67 22 121 113 116 70 21 36 40 125 106 71 24 62 51 124 68 101 61 102 69 6 130 23 82 88 66 87 109 55 25 58 129 122 123 93 33 104 34 17 60 131 105 103 7 97 52 65 29 59 53 77 45 110 41 39 54 56 42 132 26 35 57 38 44 43 85 9 119 5 128 73 63 46 48 4 90 64 47 94 126 117 111 83 0 1 3 27 2 99 18 75 98 50 16 118 12 108 15 31 49 37 11 8 72 32 14 28 74 79 78 76 80 10 30 13
128 86 81 92 82 62 36 40 55 93 102 100 109 120 61 51 58 65 19 85 107 20 24 114 89 53 115 113 22 7 33 42 67 6 34 95 52 84 39 121 60 77 124 21 45 59 26 17 125 96 71 25 119 44 70 23 106 41 43 69 54 99 101 47 46 126 56 112 66 88 57 122 94 68 83 123 87 38 18 75 116 29 27 91 73 104 48 103 9 105 63 50 35 108 64 5 132 16 127 131 1 2 0 111 4 130 129 3 49 37 97 15 98 12 90 118 110 31 80 117 8 11 72 79 32 14 74 78 76 28 10 30 13
129 82 62 93 85 55 81 65 92 40 36 61 86 51 102 109 42 58 7 53 24 33 120 26 39 60 19 52 34 100 83 25 44 114 6 47 77 107 99 94 17 59 43 45 18 20 119 54 46 89 27 22 67 41 75 124 115 23 71 126 56 21 57 84 113 121 95 38 70 29 125 73 106 48 69 63 108 101 9 50 16 111 127 66 68 96 0 1 35 122 2 123 88 87 64 130 3 131 132 104 112 4 5 103 98 49 105 15 116 91 118 128 80 37 12 31 97 90 8 11 72 32 79 74 14 78 110 28 76 117 10 13 30
130 62 82 55 85 93 65 81 36 51 61 40 92 86 109 42 53 102 7 58 33 24 26 83 34 39 52 44 120 60 25 100 47 94 114 77 19 59 43 6 99 17 107 45 119 18 54 46 27 89 41 20 22 67 75 56 126 23 124 57 71 21 115 121 38 84 29 125 63 48 113 73 70 95 69 16 106 127 9 108 0 50 111 101 1 68 66 2 35 122 87 123 96 88 3 64 5 4 98 129 131 132 104 105 103 49 118 15 112 80 128 12 116 37 91 8 31 97 11 90 79 72 74 32 78 76 14 28 110 117 10 30 13
131 81 82 62 86 92 93 55 36 40 61 85 109 51 102 65 58 120 100 42 7 53 24 33 114 19 52 26 34 107 39 60 6 77 20 44 17 25 59 89 43 83 99 94 47 45 67 22 115 54 119 21 121 18 23 124 84 46 71 95 41 113 27 75 57 125 70 126 56 69 101 106 38 29 96 48 66 68 63 88 73 122 9 87 50 108 123 16 127 111 35 0 104 1 112 64 103 2 132 130 105 129 116 5 4 91 3 49 98 128 15 118 37 12 80 31 97 8 90 11 72 32 110 14 76 74 117 79 78 28 10 13 30
132 86 81 92 62 82 93 40 55 36 109 102 61 120 114 58 100 51 65 85 19 24 107 42 33 7 115 53 89 52 20 22 39 34 6 95 59 60 67 77 113 25 17 26 21 45 44 121 124 71 84 23 54 43 119 41 96 125 47 70 57 99 83 46 106 56 69 94 101 18 126 66 27 68 29 38 75 112 122 123 88 87 63 48 116 73 9 104 91 103 35 16 105 50 5 4 64 131 2 1 0 111 108 3 129 130 127 128 49 15 12 37 31 97 98 80 118 8 90 110 11 79 72 32 14 117 76 74 78 28 10 30 13
